329812
123544
222450
509550
480189
530728
536564
449005
11825
423365
169193
538502
310744
454765
538590
544933
422317
289431
249157
351944
249163
351955
673556
630266
17720
502234
52343
664072
610017
610032
15934
71582
15964
485886
186636
314582
332990
40375
314590
211502
267928
576629
576636
576641
568147
191653
211547
211573
658097
84482
467418
618039
473126
376337
604646
473154
534204
318609
491734
678249
318640
122510
122512
485418
312846
652553
455948
455959
632547
122582
187878
652765
160414
533338
534748
25156
204468
173569
533389
674836
290546
605957
4467
290578
674873
22264
22277
198103
237762
415540
400156
553457
527032
19003
21053
154368
19053
669551
134827
236352
281173
134874
448801
249342
374850
181771
498394
251318
251338
600687
313003
45422
375149
498689
74589
498693
313095
45482
658781
311002
254512
137188
414782
155793
663016
490899
39014
624979
143330
565676
663056
663084
143375
39072
447366
261683
39086
143399
428469
17854
402995
178787
481119
25706
481161
428220
428225
560321
208159
675145
611303
675195
611326
243497
271605
473567
260735
315466
307157
518421
33845
562828
562841
282226
562856
157467
282246
421736
194246
320327
320329
514083
382567
615759
368260
92135
384634
281326
352383
654157
676217
654196
410149
612770
410195
627620
291108
292505
136188
282414
276999
292530
436057
436060
292546
291157
293419
398327
291191
538018
605127
289249
666881
605192
460629
54661
427333
460674
476696
507892
309227
492723
32264
32282
339483
59217
128774
144040
610535
267831
624564
267867
322828
356763
430453
5208
187718
24992
24998
494563
381827
637684
39432
429392
340655
385216
385221
649639
423725
423751
423765
72838
212217
193083
326471
665959
505698
665990
442770
667861
591659
582535
582539
105259
591688
566679
547433
57411
547494
57475
218752
218761
387123
602135
321619
312723
312736
602180
602186
367131
312792
251686
190079
634861
147246
634896
625454
270645
315744
216302
216316
379797
519103
270692
506674
396579
216381
458700
56281
324637
57064
397382
483869
233007
181064
566128
277277
449124
41245
425185
393738
449166
418847
395323
543734
395339
395390
508133
327435
508197
327473
425640
94778
176420
663116
176468
176480
663186
189930
118625
118660
30983
145495
645950
153080
569833
256492
264488
145955
145992
475829
575075
205878
249660
255709
249684
617708
650867
665379
617753
665398
123413
556544
617793
173046
72350
359628
416866
416885
604738
428521
416897
72398
428576
467791
383138
271177
552122
450323
450324
345559
561373
595061
194860
109057
604301
194885
604336
604337
436467
26137
11143
175112
11164
314212
600530
641407
79582
671298
641439
527786
614504
478811
614559
614569
223072
496876
679101
586705
647160
586734
679160
679170
195979
195997
590547
564750
294690
210610
504331
632893
506956
386047
386079
142105
399529
616828
616840
184764
88781
539800
274539
274555
274566
154987
274582
252900
77319
594104
77357
252981
278235
594179
591502
278240
102503
486141
591576
408402
591582
171905
490032
389315
171975
490085
480959
389369
255217
191028
327009
123159
327037
477908
471039
471051
525298
575908
455531
174590
651932
651934
85558
651940
651964
277704
503611
540813
146217
470419
264114
309725
288328
432520
311734
476931
341939
540847
666747
277749
434059
532470
515768
71284
67294
317081
402887
317089
331394
225803
202314
486520
77018
210929
555627
279120
72128
210132
339933
324729
225826
279129
159362
202363
340965
139764
493079
145067
638179
608885
159689
275306
146802
612500
612503
279192
649213
261910
674522
47926
309921
537118
261918
147645
409532
375946
451335
147653
289036
261932
573353
47951
260842
573360
231271
375987
473387
289077
647894
217897
326806
557991
260461
366441
133453
439566
557889
534379
242688
512981
635879
326885
289585
560291
42413
366496
385608
288102
674715
209628
15425
213631
377525
333943
130641
82440
220372
213057
333963
171070
385667
287565
288165
213683
433112
436802
475188
387402
288508
539204
602912
222921
1814
66531
538430
471647
340838
37137
638365
436863
85856
222955
602950
123686
368763
105577
394616
530563
343078
132889
471691
502085
37197
82199
182911
405104
679527
148217
231324
63334
87666
231338
674638
201533
163475
674644
593165
593166
201546
323850
447570
266114
201554
148275
63384
593199
63696
337096
678475
488098
597695
644413
137804
517594
252842
257515
675728
650326
391954
252875
511141
411652
281862
669726
501374
411669
650368
428993
598916
443115
669773
307325
659596
291006
307333
202825
307348
616139
583204
331155
216996
126359
291045
472865
126368
489465
247571
676554
513214
676568
400795
174493
636217
502193
90195
513242
325614
535412
457805
583281
583282
636252
653128
535425
640437
300038
28552
300045
300047
483951
266067
483976
596270
188500
342178
210365
596296
165620
278036
333063
193435
595364
136647
95449
122136
55351
456346
333670
136680
655958
335887
165681
456376
144585
264805
167178
143511
535615
294913
143521
540008
143525
327737
32715
222032
327745
523142
420629
306360
390238
257127
182665
540060
126161
222077
273876
306388
480892
222096
294997
500295
388280
169008
464879
257173
489280
117819
273329
533208
219128
273335
453742
634732
169044
280247
245844
230547
307858
440240
578090
461357
327225
466401
351202
10016
20583
440285
461381
464195
351228
463958
43636
510113
341506
510125
331838
30251
587031
351267
331854
282971
41800
282974
465600
520666
308370
25601
331892
614702
130750
156596
587092
653628
210530
206805
399203
405808
352097
587141
36270
206823
486944
559947
447235
251538
587171
575347
290124
251567
378111
506401
653698
518791
370509
506424
542815
370524
656924
677441
639025
73737
542855
161017
611845
73756
451563
114574
319483
656452
134293
506868
161060
343789
656468
40107
540649
343795
232119
451597
336413
415117
656486
640034
148069
222230
157868
73215
70271
42164
42171
224985
396291
116211
248095
188731
15319
279312
188745
409805
344438
34979
166163
167929
177740
15342
167940
203442
368009
212547
409848
117700
468025
409863
557180
203483
167990
286685
468043
193904
548402
673877
409879
673881
322719
493538
506083
388012
493546
594499
193939
414505
468082
196045
578613
345970
520426
546602
393364
470851
578647
66345
186286
292784
197742
347915
352432
108212
468162
546677
197772
222574
319049
596626
256143
670539
363526
222596
372274
363542
23309
606114
256181
670575
518390
132126
390335
50505
71306
387773
50522
564281
272027
363593
71332
353619
272044
280524
599350
258459
312372
272059
312379
23388
565529
599374
333426
223390
445581
116112
39164
333440
39170
397183
333444
333446
204617
195823
204627
75212
116152
39196
642503
642504
89585
280429
565595
110839
174252
252734
633945
280455
327601
375260
332899
250209
319307
75291
239541
638559
234310
179628
361321
319334
591792
650660
199113
333805
563467
327679
294855
532893
555420
650694
489362
352841
653248
78104
660419
653252
586019
649781
272571
34108
397653
333882
247260
521091
638416
448919
245633
531324
55225
245654
647333
230826
34177
404307
50867
417773
55263
224176
506389
599859
450727
134925
463674
249468
450742
249738
599882
134938
599887
404399
49666
509796
442895
540764
249768
28789
28791
107144
192236
134979
192244
143894
36369
165582
408214
512415
36388
620267
418955
131273
418957
620279
677195
418982
172845
316616
206691
401970
393697
418999
401977
436275
521924
39779
505191
536609
613002
616659
39798
521955
161708
93848
521967
115590
642814
490235
295261
613043
279022
6316
485082
129252
328475
165245
562530
230478
297025
368482
129286
17935
279069
350882
296983
290489
165285
389800
256790
25813
173681
213453
419493
25825
151102
488557
129439
585650
607737
126816
112615
393131
218156
644274
585688
601705
448550
246241
218169
218173
438924
332031
218180
263336
398260
261102
243715
307968
85073
558240
672340
579649
307990
85097
438992
662686
13651
579671
429911
13654
93414
265319
261162
89914
13672
288625
10180
492915
208039
496713
214402
443378
374978
76524
443399
496740
390632
496764
606062
418635
446128
606076
456975
76596
33157
195364
518842
34719
625808
586500
278402
518872
484082
153745
34367
72296
566302
458566
505408
625890
441046
452450
441047
26449
321214
650489
16045
97172
184443
211701
394748
181611
462819
674205
353595
569363
50141
259777
489035
166742
395839
321283
394796
333118
532914
329297
657776
462884
333146
466715
243544
141107
566753
568408
660112
243569
631062
609845
335256
301647
176976
254840
141175
195772
232950
367617
431368
367632
506771
506772
431385
299818
208254
568499
564312
605379
207196
373558
285339
299874
367698
30313
196903
408766
434822
194787
564395
196924
509406
402185
134493
316487
408795
30365
509422
427511
199546
301981
626481
209092
35583
642669
209099
69367
575269
676847
196997
645790
644552
274434
254636
410465
431942
194431
335986
469803
410484
141962
286006
635239
592750
431974
230049
503028
310116
276747
189182
591236
507769
217582
50922
310132
431236
252521
125474
563892
519811
266903
310166
51222
268436
252558
37353
435936
61281
548124
286204
145123
497169
585479
196251
327855
421501
467232
306723
548157
183254
145162
352117
149424
145170
327892
253017
463573
183287
329717
163948
222118
463599
50722
299352
584922
649940
51846
306796
299361
555926
222147
499258
29170
548815
314388
163989
29182
559755
474932
374135
374137
499285
246674
440372
216541
279259
414910
180472
246697
183639
632629
79459
582210
595234
382929
216593
292809
595244
155080
349188
645850
360461
537977
292823
44871
243109
243110
74138
434285
382967
645879
567193
479104
595289
82244
386436
382998
269957
470964
320689
220216
245162
589623
477886
207857
45874
206722
342572
206729
589655
552383
445614
36710
639660
319622
300922
319627
335509
478133
173790
108174
269286
304656
49967
206788
233109
319692
445691
251119
146680
53822
369672
165786
150433
53834
259537
323189
251157
501524
289302
127345
226155
48858
446838
435564
515318
458104
297875
298064
89649
339625
184919
89654
317960
289364
15619
473683
299924
197810
336626
668911
273701
539098
625126
565903
383829
184952
158851
224629
320805
383854
258969
668955
280177
242449
136362
525942
242456
625186
617907
224672
15202
618619
400430
617923
529519
320871
525979
16822
183773
525985
295363
16829
525997
476710
400470
68925
272311
618502
110444
466030
529571
349250
65211
216774
561715
292193
618539
80409
11723
382094
150121
206202
346816
453888
217777
217778
666375
527430
151000
119811
288939
561781
202920
269036
37549
250025
437740
206270
322947
537467
208883
537489
262307
322567
631111
411789
36930
614227
262322
288427
614234
309501
617249
617252
433201
113962
647508
581533
24283
301042
451973
170563
520966
290655
309557
538754
123302
647562
594774
569544
114453
456824
569561
83302
358308
51115
384263
452613
569588
276879
491363
227846
180713
51169
187110
340088
670771
122623
672153
63445
83388
122636
122642
189858
602514
669801
107935
158227
187152
555085
512719
187170
111303
625601
599108
267211
465226
250642
604202
261451
66060
648998
205490
364611
364620
610754
656731
465287
465291
500713
474056
395151
308205
666109
479004
314664
606963
608175
666121
608182
41604
608191
453129
487001
636355
533029
242157
60623
225116
453188
497824
640814
640816
640818
602493
225144
593488
276395
270423
340507
640836
502503
405689
472111
336166
336169
336172
484138
468924
253478
280329
468936
386603
454631
122062
280349
340564
678092
146015
200871
174124
386657
350
255055
133272
255073
619497
274053
220560
113234
158086
113236
586304
486664
192360
295436
312408
220959
615111
586317
608279
284749
444857
643580
672058
602240
220986
674083
166462
314827
550116
615171
384826
58411
646131
340788
106364
330308
330312
621157
58445
362942
399806
330343
468291
295990
58473
349012
94134
330365
235318
324212
349033
325765
264720
456111
456113
324234
671020
62027
456131
325791
40027
326633
481515
425404
454067
324262
264770
671054
40817
495622
58614
62073
343395
242589
487102
397447
397452
624785
583358
278332
313894
490700
220602
278346
191518
220611
461239
397480
537777
537779
199792
519565
39337
39342
21637
519576
385965
519585
351791
39357
662135
245910
147177
490771
39377
309699
228302
472752
546730
192712
221249
274694
61063
245964
450569
603
458867
458870
458871
645028
212351
632771
291718
424517
421480
263646
225730
263652
479556
528368
647775
145324
324848
225760
645118
414133
190921
145355
645143
225788
291790
184679
645153
56379
555308
391431
145384
233312
65795
576842
496942
161367
456550
456555
426948
456557
386908
81712
576866
190999
371919
175767
391488
426977
525421
456593
115607
444210
120986
426994
297276
507990
284009
444228
211250
293229
336815
336819
525466
322179
87902
336836
655872
525478
571828
628208
322195
73563
211291
293268
445807
301855
291970
293289
426824
638700
562106
246732
301870
531070
470106
301896
94244
336561
606227
586446
421048
375883
348713
246799
673242
606252
562188
337403
606270
81885
563990
77165
67151
69167
126426
454533
535898
46254
278176
633410
126449
104825
566808
104835
611459
373776
506100
619500
283279
419576
122702
251899
389961
389966
567444
370048
370052
428842
447022
36152
161927
265950
457053
161942
161435
506157
479324
370081
447053
265979
106856
36183
25999
122780
215506
405738
377103
488863
399665
341706
399670
415464
225447
405764
307420
181125
559697
571243
65464
573469
404241
118246
595683
181172
181174
595691
509337
266559
577826
509341
521518
133002
266568
143705
394283
677932
127471
534626
283046
283062
283064
191418
277053
675971
285868
133077
458056
548374
143788
91172
631579
191452
548387
38324
165176
285899
548393
160395
427295
610848
582091
191478
545005
404900
222384
398603
14538
58341
38381
128156
675868
181903
560113
549451
162376
560119
483034
420229
252454
483070
402029
402032
561017
420272
667657
246413
184330
22948
679042
445720
445729
192028
184346
533578
581369
246443
439985
581374
285997
470277
286513
264674
246474
615513
142082
286523
423517
526304
423525
246497
141035
445798
47074
365130
615538
351444
198608
198618
266385
360727
163350
266391
514864
142926
526358
401540
551961
469588
1410
419103
598612
598613
1448
36438
205739
33752
1468
483339
2624
179377
347653
413759
419792
232674
232676
603769
598672
33787
270192
19709
316104
413798
51703
328515
402451
410534
328519
152321
73925
2693
51721
51723
362750
403595
450052
328567
584557
629633
303467
632386
328592
19969
217316
46610
116656
622521
622528
622532
655260
116679
630423
46647
436355
423000
372549
335752
54959
461555
310492
306574
79729
556974
524144
304174
306577
648317
648325
46694
546577
305164
237114
237119
488745
164829
488752
297117
641049
164843
349884
429106
226343
226344
352259
496337
496340
243232
411059
228564
243240
236991
496367
297186
392076
421286
495392
128398
496384
115149
480026
35366
462042
339374
330993
78802
209804
611108
219311
104418
198423
653024
198433
212938
227646
653047
658855
541663
399165
314968
219372
432661
660668
212967
326978
539584
32882
676300
418092
300494
107407
300498
304504
185617
150728
313915
483633
113143
107039
574432
437232
555142
437234
437235
555144
409942
444948
284548
676145
284562
219673
59887
361682
409974
361686
671370
82087
219696
318590
365897
616798
371400
171822
183422
171827
275738
344040
246929
275744
551142
439031
297334
416529
586142
480759
205661
171869
309346
586167
275781
275784
84365
659866
416564
380964
275789
416569
171897
290387
46891
496590
626298
138611
389715
530107
504826
413116
326721
401134
150356
363445
401151
391639
316957
150367
316960
545847
295858
138671
494672
95888
370966
255974
294588
187099
430988
621780
255993
533889
188900
350280
672708
621797
460207
599716
459126
636434
648017
80925
43177
369731
1755
188958
80946
460250
385569
644675
357580
453462
160092
137474
353367
644690
522495
627409
137277
474481
275126
319808
316514
573800
505924
37616
583520
37620
305326
247343
583532
203137
37641
569463
275178
540153
499642
37657
569482
540176
331581
640387
308501
125890
195102
319893
555295
203199
342881
289180
622321
361828
115757
658264
451757
376148
115785
86968
376155
603864
82583
50471
307628
578884
192671
430801
364429
417995
656242
301122
476251
361937
33424
440145
214055
310274
440162
196481
430850
532611
678859
356398
253698
541274
83101
254906
326131
573124
324940
494795
307513
248749
196734
401838
327942
538644
565223
324982
327967
21469
212186
526179
531420
47293
196795
196796
248971
307592
307593
456208
266726
288220
393006
388994
299035
167543
475266
434148
412866
394570
397841
623658
643379
177092
387364
643387
318202
514777
260093
358720
394911
363937
394919
391500
589823
673047
673054
394964
183860
140443
467951
136493
144160
239066
620885
467969
339248
531299
144178
446985
140473
281223
144189
446994
339269
281230
589220
64899
112319
394841
520826
414216
281261
539663
371065
76277
371067
112364
268565
394879
268578
194953
356598
317294
589293
326320
107306
414281
204710
54711
442617
60382
645631
307725
304388
304391
431527
388739
355865
524533
477248
152034
54758
310573
11372
645677
430171
431560
354870
49759
524567
620097
354889
477293
431582
619388
85728
11515
415095
247110
569742
306430
131823
272298
426163
548735
131847
146980
355068
98995
146987
496176
137758
359466
198776
91359
339011
282112
247199
440485
440490
577488
429203
206980
92728
607543
215719
607548
32957
75941
664820
487215
32973
490662
282158
409033
118547
409037
592079
22777
258801
592178
444515
550097
305811
641221
91649
409077
286481
336211
523511
244331
487296
208324
605447
605453
641259
444560
521754
258876
388460
523563
444588
244396
574117
266880
523288
271263
378842
329424
649808
7087
26572
347207
347209
72916
492532
271295
398437
574173
549274
492562
371761
329487
582180
580406
636024
331792
580410
636033
88910
296602
671693
552727
571319
68622
621822
46446
88953
552756
439232
291336
492200
288847
552762
432703
52976
469003
469006
393274
84843
49477
631672
423858
340203
288898
439286
46990
669209
437572
517329
613826
267315
469069
678657
347321
435723
352916
626328
435742
22550
287174
677721
287176
460023
96263
677735
210261
400526
656180
96284
287199
435774
634104
400545
460066
24519
531812
43017
424363
458915
24537
677780
195413
412230
195418
24553
255355
410938
400596
195435
458949
458953
412261
657072
255379
544694
458965
109780
62575
561177
62587
652608
458992
374449
182304
299780
660303
140595
352730
140599
249026
327141
310861
264376
643267
464934
352748
369238
654501
365547
249055
352760
328057
663261
327169
337957
310343
260571
645550
328078
405060
654532
556774
578594
578595
32482
32485
310963
639741
660394
315612
256327
197109
675513
184027
173144
184037
262151
639784
40598
474669
315656
498835
520511
115943
406167
125145
188153
140751
366275
666065
195503
528178
660583
212499
377433
660588
230309
604510
677602
238992
675586
33092
294202
559502
634604
217181
402212
97212
233616
18826
195563
224536
245437
343926
224544
377493
294253
216165
651066
151776
360982
245465
402274
392390
319757
446056
141433
180816
294294
542100
27174
291820
180302
670116
367721
624122
624125
399371
114765
446239
465
496037
423948
265783
291880
104007
316012
316014
229125
227735
657208
538108
415367
218580
365606
300730
649046
182739
149045
328153
300738
328160
366300
200561
20164
300755
292965
495863
200571
200573
292972
273165
263085
151393
358032
328297
200968
300782
590391
408096
541910
646351
541911
242946
600889
535314
328619
325420
601199
449327
205134
671425
366381
70733
328651
482369
514179
409764
409767
391304
3794
668333
391309
205187
668337
391312
391315
359802
671477
449393
8789
449398
294445
32133
447915
261774
370432
359839
426083
148378
447940
20645
130056
407735
426098
454827
23893
370719
388362
447971
604433
432498
207779
304877
510273
388374
39567
217639
422693
447129
156410
304890
617038
225512
306984
306988
617046
8809
203639
20027
186021
661546
456727
475910
20050
509269
170769
188339
269363
186059
269514
252175
475948
668791
434571
237419
668796
492845
14718
248618
492855
280806
471405
663529
500119
434597
237448
417116
514573
398723
272431
350121
426723
44123
578209
435261
651330
339508
654086
76680
44151
651350
592652
272471
42652
663588
397237
663939
257753
257754
603510
522283
522675
522677
215408
139213
139219
203915
37714
214717
652217
359536
215451
279909
321183
516191
88472
606377
185372
215493
502672
491875
366996
491879
664502
504919
104184
502682
185388
450998
469326
185397
202463
31024
504951
539435
81369
333374
678913
489118
625017
381956
174785
416090
70589
473078
519736
42589
482691
403206
658407
275095
32095
55970
29980
358119
45641
248145
454151
348016
378062
45651
563634
414357
80305
248170
263228
45669
185147
607842
593596
358156
578420
456479
511062
454199
263257
285464
465467
414398
602314
110527
285474
361214
263276
320714
258017
190542
244551
135799
472405
131974
215242
605295
215251
110222
268730
175233
105640
344554
287643
268745
383451
43743
457400
457402
623152
299261
615990
552919
175294
599641
41700
87130
41701
236615
76063
247770
407409
171318
292244
216848
216854
236658
406987
517976
457494
156861
673948
117067
41784
635963
43931
444130
407466
266466
129631
78749
404691
43950
58560
541139
337121
674906
5889
266224
354776
166527
109926
337135
372729
240061
646409
444197
319927
675640
51356
541196
404757
358437
319953
240099
51372
337194
644988
515601
235276
281927
648231
326232
47855
235832
646486
489807
648244
489814
648256
662847
151682
515670
383616
626097
234486
326281
462527
494857
462533
666965
666970
346957
166200
481333
453365
96729
407533
598546
8573
364244
192409
8583
453395
379288
382193
166246
621439
66826
379295
277129
103990
270939
349665
407578
348521
621451
166264
481392
96786
412591
205910
463431
348537
528857
36680
153462
312296
232366
166291
270980
23589
145519
502860
463490
660709
593266
463497
329944
23135
238000
331639
318033
563368
125036
49835
663619
233567
274269
288057
373073
373074
638806
197429
318098
663392
267152
271001
197459
619165
619167
29759
193152
197467
159405
295046
627182
528203
559011
355123
102745
418194
309134
193194
536960
444658
279682
614025
481281
211406
40798
309173
472091
267657
335479
809
335488
307007
230797
338208
190798
343143
401468
229726
307032
504554
170652
307041
376623
312530
81212
129904
162882
469694
338643
307070
170686
654721
376660
149792
149793
34854
191332
486220
25525
81257
36568
629583
437917
312578
86561
652033
229793
511208
338284
654744
227397
437930
81274
191353
25545
265800
675040
472918
81293
40425
313733
239679
313739
484426
388157
156926
486287
190889
416704
247061
437999
328965
268280
40495
395928
562389
488339
676654
634326
488350
146198
148818
197255
369892
402540
189418
512863
402562
189443
359251
43518
519317
288776
116376
319148
319154
214321
412986
89013
414402
643611
89030
260307
427848
43569
607918
204868
424964
633579
80050
578719
424973
643650
469414
92843
612978
644789
306160
202567
649550
519398
487421
306066
478002
223128
362274
215896
183128
174328
487454
262010
253540
285534
671126
653320
255564
226514
589360
469495
262036
253560
223178
22131
183185
589392
306255
250885
546158
447604
152763
595405
665237
451017
167707
277963
546197
152798
435116
38749
300281
378382
120284
121238
395795
395610
637864
612234
289925
451068
542377
123796
659448
148504
395623
395633
18711
261006
258711
245015
435175
434473
395648
659481
435182
581490
167795
659488
377919
354114
163845
612289
597054
3852
428628
289988
422426
596128
444077
261070
226090
569263
618168
587433
544823
505873
428676
369911
231418
474796
71141
258117
258120
185438
144816
344143
120764
448698
511750
258140
595985
148614
12205
201019
590118
148618
12211
297639
344173
313292
71196
590128
325326
491561
499400
396799
79829
334586
338852
37020
446673
146525
577272
297697
35653
577284
131145
131336
379028
445116
147422
587537
131358
422110
499487
448371
153604
56099
338569
338009
417600
131386
18074
417602
569015
587575
334230
144997
250918
217970
112720
453208
598877
35034
69098
393878
561671
605645
334249
528694
453221
164316
385332
147722
214562
214563
596553
226415
257667
338088
526449
153274
284392
338093
420727
657474
579145
661297
262529
96006
262536
354626
256015
308625
226493
20735
372950
243057
201128
516812
667481
27971
370176
662497
661178
256067
516842
381248
399713
308723
576131
90407
635515
153325
389507
338105
618396
155415
656370
478391
389531
308774
508204
521855
338142
473457
298964
647980
90464
656396
261833
462717
338162
77928
381061
287709
210841
107601
126201
283419
438678
275587
82929
146345
33601
445940
429879
33604
31632
11041
534132
372817
204228
645253
304766
611702
529054
146389
613288
304780
31218
372852
31679
386231
364567
501663
187305
364586
150628
372878
528592
202015
656625
475309
187335
543205
320208
27845
41082
373361
295604
339873
373365
631246
248469
501494
485632
453559
248489
320249
212775
27891
160824
293938
475376
86347
151924
424225
79274
182435
591916
79286
532028
105936
79299
622252
207948
365289
362334
65884
540200
591975
595106
495470
532083
459843
591883
595127
668218
616356
569151
595144
244123
485771
609170
595149
342681
175650
540257
155637
396805
246034
485794
609190
406346
290058
118150
229270
569191
209543
595192
161150
124404
33536
181274
161166
366820
490127
597300
334770
295538
68831
161865
409234
284239
284252
316228
284260
412745
525050
274304
182847
316275
431110
597371
597901
421670
132294
274343
572514
583031
164619
669632
597954
119006
498227
654687
551399
498240
281707
41179
525321
31492
281715
525324
372177
662334
583081
517886
467821
145276
503303
583095
320026
548904
679436
648746
126998
186563
256874
286303
542431
607329
407397
659115
180006
186598
286338
542462
623071
503379
542478
441784
286359
538385
277860
315893
376204
610223
210710
281054
475686
243675
180089
92095
563024
423152
423165
609343
424071
63276
60006
518922
513663
553975
222817
58292
385893
518934
423483
610664
458204
37926
502432
222844
324508
6783
229012
37814
38569
273227
117504
574560
147960
117521
151421
505310
553592
667560
518988
588255
502479
518995
125960
147992
225337
336987
162514
346167
346170
622005
140321
408925
409489
355911
357984
486002
384412
228741
322230
364381
609743
228754
622061
355938
245516
398924
220488
594966
278944
186757
125659
186769
435375
622094
221586
208432
333241
189330
662593
150590
322292
312004
312006
333262
17004
349422
626634
320114
537538
239884
375632
596816
213842
177153
522356
416172
223875
467552
223887
35896
467580
669490
