100409
104685
106007
106955
107007
107483
107629
108089
108817
110259
110461
110603
110792
11111
111453
111534
111593
112527
114062
114234
114363
114611
114898
115515
116748
117616
118247
118643
119595
121553
123050
123579
123676
12390
124027
124547
124581
125070
125748
125804
125845
126020
126432
127330
127785
127994
128956
129190
130793
13131
13151
13163
132651
133766
134842
135875
135894
136679
136804
137145
137415
137419
13809
139463
140779
141712
142159
142162
142411
142762
143255
143305
144769
145085
145469
14748
148160
148361
148655
151148
151217
151500
15164
152719
153174
153584
153961
155171
156109
157138
157248
160273
160833
161744
163591
163617
165377
166375
168188
168690
16948
170658
170742
172157
172255
172599
174425
174643
174686
175170
175649
177954
177966
179406
179861
180045
180468
180885
181834
182117
182517
182764
182767
18325
183380
183853
184716
185414
185690
186130
186207
18657
18658
18682
187298
18758
187648
187825
188223
188491
188512
188669
188799
188812
189204
189385
189803
189812
189813
190694
190713
190775
19116
191856
192330
193104
193458
193523
193572
193723
193755
193789
193908
194070
194989
19573
196025
196381
196470
196665
196749
198009
198149
198450
198643
198877
199561
199677
200170
200321
20033
200402
200678
20202
202120
202149
202336
20262
202909
202949
202964
203205
204920
205054
205617
205973
20598
206290
206343
206487
207564
208405
209147
209792
210089
210130
210162
210191
210293
211673
211947
212865
213589
21360
213618
213636
214298
214389
214781
215227
216301
217042
217169
217204
217384
218057
218202
218285
218547
218568
218807
219003
21929
219330
219498
220574
220583
220607
221533
222149
222227
222231
222233
223043
223073
223323
223719
223882
224070
224347
224642
224974
224982
226079
226130
226292
226844
227248
227374
227833
227860
227862
228036
228150
228230
228262
228433
228660
228856
229291
229436
22971
230047
230166
230173
230257
230585
231470
231526
231625
231669
231835
231904
231944
232020
232205
232969
233030
233506
234814
234824
234852
236451
237157
237299
237306
237359
237398
237706
238056
238130
238425
239393
239432
239538
239616
23962
239784
239847
239887
240139
240141
242026
24246
242505
243185
244371
244452
245184
245230
245242
245268
245552
245634
245667
245703
245876
246100
246351
246630
247326
247533
248097
248498
250388
25074
251021
251659
251718
252857
252876
252943
253289
253483
253606
253773
254038
254262
254732
255097
255171
25534
255600
25682
257806
257870
258018
258145
258352
258859
258917
258940
259123
259508
259536
259567
259624
260127
260655
260758
261103
261334
261705
261779
26240
262439
262628
262792
262851
262934
262937
262947
263283
263797
263944
264142
264144
264159
264519
264561
264710
265253
265332
265421
265704
26585
266449
266626
266708
266775
266965
267280
267682
267978
268125
268174
269198
269208
269508
270397
271625
271709
271780
272381
272438
272439
274017
274195
274359
274793
274966
274987
275663
275794
275871
275872
276090
276163
27646
276564
276732
277240
277320
277380
277566
277649
277988
27917
279240
279411
279786
28010
280161
280238
280295
280414
280688
280714
281402
281479
281675
28184
28188
282117
282162
283336
284310
285374
285817
285928
285962
286270
286278
287329
28798
288065
288264
288581
288808
289119
289871
290296
290402
290448
291096
291400
291628
291853
292504
293325
294074
294500
294844
294959
295214
295470
295787
296496
29655
296900
296952
297373
297563
297910
297982
298459
298585
299145
299187
299709
29985
300158
301193
30208
303023
303031
303429
303434
303986
304331
304337
305050
305079
30514
305627
30569
305808
305973
306864
307200
307489
307557
307577
307670
307710
307949
309237
309493
309575
309648
309658
309693
309735
309842
309885
309973
310360
310698
310902
311044
311159
311408
311544
311914
31201
312093
312151
312391
312966
313097
313766
313794
314104
314399
31453
314878
314969
315089
315732
315774
315837
316150
316266
316371
316637
316861
316951
317161
317480
318244
318353
318439
318523
318641
318679
318781
318909
319785
320915
322197
322396
322449
322451
322660
323103
323241
323488
323747
324077
324311
324696
324761
325220
325958
326160
326261
326333
326407
326794
326828
327274
327674
327965
328083
329167
329183
329251
329507
329519
329683
329983
330056
330601
330781
331016
331175
331519
331537
331663
331875
331891
332022
332116
332139
332571
332701
332747
332789
332866
333439
333491
33407
334158
33440
334896
334904
335228
335246
335489
335547
335550
335862
336239
336324
336374
336426
336939
336974
336983
337554
337892
338111
338130
338237
338265
338324
339349
33939
339518
339546
340042
340858
340942
341062
341466
341613
341665
341978
342288
342770
342898
342907
343004
343214
343955
344011
344177
344285
344366
344412
34459
344630
344696
345133
34514
345545
345653
347890
348290
348562
348740
348915
349508
349516
349751
349817
350009
350063
35050
351640
351667
351835
352026
353263
353596
354202
354566
354573
354635
354881
355254
355299
355318
355397
356093
356186
356732
356876
357207
357216
357445
357467
357934
358118
358141
358615
358663
358664
358837
359457
359673
359674
360097
360124
360449
361276
361562
362141
362327
362331
362337
362344
362352
362358
362360
362361
363156
363721
363857
364198
364227
364527
365307
365489
365532
365818
365852
365899
365900
365930
365941
365963
366079
366090
366107
36624
366452
36657
367231
367274
367624
367922
368294
368361
368438
368445
368520
36879
368950
369133
369702
369957
369963
369987
370337
370492
37089
370910
371168
37220
372495
37260
372947
373049
373117
373139
373141
373271
37347
37354
373598
373634
373912
374364
374607
374710
375049
375080
375130
375167
375815
375825
375923
376295
376348
376549
376581
376934
377067
377098
377227
377281
377461
377654
377719
378065
378219
378475
378731
378854
37901
379075
379174
379182
379331
379691
379959
380109
380821
380969
381302
381384
381401
381857
382255
382291
382609
382925
382946
383341
383436
383709
384055
384408
384745
384814
384870
384974
385713
385835
385848
386056
386705
386853
386956
387003
387125
388401
388667
388781
388842
388960
389375
389380
389461
389493
38978
389817
390119
390641
390751
391205
391432
391438
391570
39179
391974
391984
392719
392813
392823
393061
393189
393829
394343
394876
394877
395073
395415
395507
395957
396332
396614
396851
396930
397046
397158
397176
397696
398020
398090
398181
398594
399278
399820
399996
400041
400063
400290
400408
400432
400442
400623
400694
400772
401043
401331
401494
401765
401793
402194
40264
403162
403291
403572
403582
40410
404331
404749
404948
404956
405041
405095
405713
406156
406276
406288
406596
406726
406828
406886
407554
407731
407938
408252
408449
408647
408657
408796
408899
408985
409004
409175
409696
409851
410080
410312
411348
411451
41164
412017
412176
412335
412342
412936
413103
413428
413448
413644
413741
413788
413972
414220
414224
414602
414685
414968
415108
415304
415336
415386
415395
415632
415679
415682
415684
415687
415688
415767
415843
41585
415866
416074
416079
416086
416087
416091
416092
416096
416217
416222
416223
416225
416228
416229
416230
416231
416232
416233
416234
416259
416260
416261
416262
416267
416272
416287
416305
416311
416350
416357
416359
416360
416429
416432
416434
416436
416438
416441
416450
416452
416454
416457
416470
416613
416617
416850
418217
418271
418286
41830
418699
418984
419087
419171
419314
419600
419609
419672
420029
420532
420730
421513
421601
422214
422393
422418
422549
422569
423181
423409
423424
423773
42395
424186
424670
425009
425084
425460
425765
425805
425914
426488
427126
427198
42784
427942
42795
42806
428308
428325
428519
428731
428788
42881
428823
428912
429080
429323
429399
429826
430030
430063
430229
430601
431196
431299
431789
431904
432175
432628
432818
432850
433282
433331
433346
433475
433841
433915
434002
434019
434235
43447
434493
435752
435788
436232
436326
436330
436332
436514
436730
437201
437222
437583
437669
437696
437697
437698
437699
437865
438311
438326
438329
438330
438332
438336
438339
438422
438739
438970
439347
439468
439510
439585
439607
439675
439936
439937
439938
439940
439946
439949
439953
440008
440091
440128
440250
440305
440369
440375
440377
44045
44047
440477
440639
441030
441043
441079
441649
441693
441847
441986
442121
442371
442372
442581
442942
443160
443629
443783
444129
444746
444747
444757
444970
445005
44508
445611
44563
446090
446249
446286
446422
446492
446554
446619
447170
44725
447305
447380
447636
447669
447674
447709
447716
447846
447988
448105
44819
448485
448563
44880
448907
449298
449305
449406
449409
449619
449624
449700
449752
449880
449988
450208
450241
450631
450709
450835
450970
451013
451155
451206
451236
451257
451376
451398
451407
451727
452175
452254
452255
452256
452257
452279
452322
452325
452703
453255
453432
453489
453498
453722
453811
453910
453928
453971
454056
45410
454193
454294
454503
454681
454882
454925
454933
455030
455109
45513
455149
455265
455474
455531
455558
455661
455669
455786
455835
456180
456185
456208
456209
456400
456554
456634
456735
456782
456830
457289
457290
457307
457326
457788
457819
457999
458013
458078
458106
458211
458373
458421
458432
458814
459190
459655
459766
459929
459959
460079
460194
460369
460448
460458
460476
460517
460685
460709
460950
461043
461101
46150
461676
461996
462080
462140
462896
463011
463021
463300
463716
463718
464345
464352
464409
464429
464482
464484
464652
464666
464684
464777
464814
464827
464947
464964
464965
464976
465061
465123
465161
465473
465481
465494
465649
46575
465858
465876
465881
465995
466187
466224
466462
466623
466853
467148
467283
467287
467300
467337
467821
467946
468020
468069
468286
468349
46835
468610
468631
468774
469113
469130
469207
469444
469640
469830
470002
470010
470066
470091
470166
470183
470289
470605
470634
470774
470834
470857
471004
471059
471258
471354
471473
471489
471541
471817
471919
472298
472343
472468
472871
472947
473078
473094
473134
473215
473269
473338
473373
473426
473538
473553
473679
473763
473875
473900
473929
473951
474081
474091
474185
474192
474250
474582
474791
474827
474857
475188
475266
475672
475679
475800
475892
476122
476341
476369
476451
476470
476505
476580
476703
476707
476732
476824
476835
476852
476878
477128
477207
477249
477468
477469
477725
477743
477788
477951
478570
478682
479051
479276
479543
480011
480026
480078
48013
480295
480470
480569
480822
481419
481748
481866
482242
482361
48239
482564
482806
483055
483080
483138
483143
483480
483642
483667
483670
483707
483820
483899
484478
484505
484589
484809
484891
484957
485040
48519
485205
485405
485467
485472
485512
485586
485689
485793
485970
486027
486122
486319
486449
486492
486511
486702
486740
486772
486835
486898
487755
487797
487997
488112
488140
488175
488256
488385
488386
488525
48855
488555
488705
489015
489407
489963
490048
490078
490319
490978
491579
491584
491655
491766
491768
491772
491774
491776
49198
492082
492209
492319
492323
492886
493017
493325
493491
493525
493536
493786
494042
494086
494288
494529
494613
494645
494873
49497
494986
495033
495064
495104
495164
49527
495520
495778
495886
496175
496249
496304
496817
496854
496855
496856
496859
496861
496863
496864
496865
496866
496868
496869
496871
496872
496873
496874
496875
496876
496877
496878
496879
496880
496883
496884
496886
496888
496890
496985
497249
497318
497581
497850
497980
498064
498301
498343
498375
498595
498648
498706
498711
498779
498927
498931
498981
499040
499243
499420
499485
499825
500184
500634
500799
500813
500824
500868
500889
501157
501212
501234
501331
501727
501908
502090
502414
502417
502421
502435
502532
502668
502671
502758
502774
502804
502826
502890
503053
503119
503296
503300
503312
503380
503387
503392
503398
503408
503875
504221
504343
504480
504723
504750
504758
504857
505133
505495
505515
505680
505852
505997
506146
506148
506197
506477
506529
506692
506779
506966
506985
506996
507002
507102
507207
507230
507257
507305
507332
507776
507799
507808
507811
508746
509233
509410
509759
50993
510247
510352
510625
510663
511037
511078
511373
511444
511466
511492
511595
511721
511808
511867
51193
511998
512146
512291
512342
512635
512772
512922
513026
513214
513269
513700
514019
514300
514397
514518
514596
51478
515082
515257
515303
515314
515394
515499
51553
515550
515554
515557
515635
515683
515707
515728
515781
515808
515846
515885
515923
515978
515994
516005
516022
516053
516062
516209
516218
516237
516245
516253
516261
516672
516699
516755
516836
516848
516877
516885
516891
516898
516929
516933
516943
516991
517001
517028
517067
517179
517458
517824
517937
518026
518170
518326
518511
518613
518790
518803
518813
518819
519001
519003
519007
519271
519395
519396
519468
519477
519518
519527
519538
519544
519554
519561
519564
519629
519671
519717
519749
519753
519755
519760
519762
519784
519802
519808
519832
519843
519849
519854
519869
519877
519880
519888
519906
519916
519917
519927
519931
519938
519940
519944
520066
520070
520072
520074
520079
520130
520137
520142
520144
520150
520459
521002
521005
521089
521098
521240
521478
521587
521649
521685
521705
521709
522280
522514
522660
522811
522918
522922
522927
522928
522929
522932
522934
523066
523191
523196
523249
523443
523449
523658
523774
523848
523900
523992
524142
524318
524537
524575
524740
524782
524899
524935
525065
525249
525612
525634
525806
525812
526083
526146
526280
526346
526383
526516
526609
526643
526684
526761
527056
527179
527289
52736
527488
527511
527953
527986
528012
528140
528152
528176
528278
528313
528376
528415
528630
528887
528979
528985
529135
529162
529171
529303
529848
529853
529855
529857
529858
529860
529862
529864
529866
529892
529985
530849
530868
530876
530903
530913
530924
531311
531486
531522
531527
531530
531704
531710
531799
531884
532163
532278
532350
532534
532639
532643
532683
532685
532687
532736
532797
532875
532882
532883
532886
532895
533150
533152
533210
533212
533237
533240
533254
533353
533404
533456
533459
533460
533462
533465
533467
533472
533476
533630
533770
533775
533797
533897
533934
534130
534175
534176
534177
534181
534183
534226
534258
534261
534265
534266
534352
534586
534587
534588
534589
534591
534592
534593
534596
534603
534810
534830
535036
535095
535422
535424
535488
535574
535620
536249
536431
536473
536603
536852
536858
536869
537109
537356
537364
537478
537541
537588
537597
537642
537688
537698
537700
537701
537704
537708
537712
537801
537950
537952
537953
538296
538746
538832
539079
539127
539179
539210
539211
539212
539215
539218
539225
539434
539865
540220
540229
540248
540274
540276
540277
540278
540283
540285
540288
540290
540293
540297
540400
540601
540735
540894
541026
541155
541159
541357
541416
541420
541579
541586
541639
541871
541937
542009
542013
542040
542205
542245
542293
542412
542514
542557
542628
542738
542792
542966
543102
543182
543263
543276
543299
543311
543313
543364
543686
543692
543713
543765
543803
543853
544323
544372
544981
545092
545111
545173
545222
545470
545671
545707
545739
545842
546188
546262
546335
546734
546795
547085
547278
547335
547420
54746
547851
547899
548167
548176
548452
548759
548817
548980
549043
549049
549108
549123
549495
549511
549603
549691
550080
550699
550701
550808
550877
550949
551254
551302
551794
552272
552456
552628
552760
552830
553078
553187
553641
553824
554330
554360
554745
554768
555182
555264
555334
555472
555737
555873
556209
556306
556755
556786
556791
556817
556919
557057
557065
557181
557249
557428
557470
557616
557866
55790
557966
558028
558112
558174
558449
559055
559073
559098
559141
559275
559523
559525
559550
559692
559778
559932
560003
560035
560227
560403
560436
560506
560555
560696
560792
560810
560948
560985
561048
561145
561319
561385
561674
561729
561758
562049
562080
562297
562418
562454
562468
562542
562733
562928
563364
56342
563496
563781
564051
5642
564241
56436
56450
564539
564658
564690
565044
565171
565516
565699
565770
565794
565854
56618
56619
566208
566427
566437
566564
566665
566724
56682
567026
567034
567157
567230
567583
567691
568129
568148
568293
568522
568597
568610
568653
568851
568934
568937
568962
569078
569167
569265
569318
569491
569709
569956
570080
570089
570465
570560
570813
571034
571115
571132
571156
571441
571497
571539
571675
571684
571695
571697
571700
571703
571830
572005
572070
572099
572108
572471
572721
572779
572854
572929
572975
573135
573189
573207
573581
573868
573874
574550
574620
574681
574697
574701
574721
574745
575026
575288
575427
575459
575838
575952
576072
576102
576248
576412
576486
576498
576756
576979
577494
577575
577588
577913
577942
577948
577987
578002
578022
578045
578055
578394
578471
578581
578600
578721
578961
579003
579020
579176
579259
579306
579443
579551
579650
579653
579732
579736
579786
580162
580206
580246
580324
580404
580526
580671
580699
580779
580814
580840
581028
581074
581089
581324
581368
581371
581386
581438
581445
581579
581764
581999
582037
582040
582098
582116
582250
582526
582700
582717
582726
582752
583135
583263
583280
583311
583371
583444
583473
583577
583593
583605
583692
583693
583706
583853
583867
583946
584163
584261
584354
584442
584483
584603
584679
584750
584987
585026
585187
585292
585315
585617
58592
585967
585981
586229
586238
586317
586372
586486
586705
586763
586798
586849
587055
587062
587064
587067
587079
587254
587335
587425
587500
587868
587956
587982
588266
588364
588647
588712
588953
588985
589086
589174
589177
589256
589471
589487
589564
589621
589816
59028
590303
590331
590492
590544
590564
590567
590570
590661
590736
590960
591127
591170
591225
591259
591591
591796
591987
59201
592174
592422
592681
592695
592787
592790
592830
593078
593109
593116
593193
593217
593383
593614
593661
594078
594104
594150
594191
594219
594598
594676
594872
595133
595422
595540
595628
595721
595779
596057
596317
596335
596423
596430
596522
596763
596804
597076
597174
597225
597332
597350
59742
597871
598259
598626
598662
598684
598708
598854
598967
599416
599475
599631
599861
599972
599997
600366
600629
600635
600731
600736
600770
600772
600774
600775
600776
600779
600790
601101
601175
601234
601392
601423
601437
601575
601709
601851
601905
601928
601992
602032
602093
602212
602258
602296
602297
602320
602402
602463
602538
602803
602865
602898
603198
603199
603203
603206
603272
603294
603311
603386
603485
603701
603760
604177
604258
604286
604536
604562
604746
604819
604900
605146
605369
605431
605573
605685
605686
605701
605800
605818
605829
605859
605863
605934
605941
606160
606165
606181
606357
606429
606481
606489
606575
606582
606731
606941
607019
607020
607315
607330
607343
607518
607539
607596
607615
607678
607912
607958
608339
608389
608604
608730
608782
608819
608867
608934
609191
609250
609282
609301
609635
609706
609822
609825
610073
610106
610195
610234
610526
610536
610549
610588
610769
610806
610987
611052
611065
611073
611247
611404
611570
611757
611787
611810
611826
612024
612043
612220
612292
612360
612442
612478
612891
613182
613309
613338
613392
613577
613741
613770
613772
61393
613975
614086
614093
614175
614297
614430
614640
614906
614981
615138
615142
615170
615211
615230
615389
615812
615890
615976
615996
616022
616100
616123
616512
616608
616812
616828
616904
616928
617096
617233
617292
617334
617463
617508
617541
617658
617792
617799
617825
617826
617840
617853
618070
618097
618283
618403
618431
618457
618885
619036
619133
619171
619253
619262
619357
619368
619930
619998
620133
620137
620185
620190
620245
620493
6205
620591
620632
620682
620725
621107
621202
621437
621494
621632
622118
622196
622232
622326
622501
622512
622671
622686
622729
622761
622844
622911
622946
622987
622990
623050
623107
623238
623376
623380
623515
623669
624064
624189
624269
624410
624443
624743
624782
624950
624974
62506
625067
625084
625170
625553
625575
625778
625894
62592
625945
626210
626211
626215
626293
626467
626478
626605
626700
626756
627337
627351
627571
627723
628026
628152
628171
628255
628540
628793
628813
628897
628907
628965
629054
629460
629489
629493
629540
629880
629926
629943
629948
630014
630072
630234
630342
630354
630415
630447
630458
630472
630545
630601
630803
631021
631084
631346
631396
631467
631567
631715
631786
631859
631888
632008
632108
632160
63225
632259
632267
632354
63239
632407
632664
632667
632887
633074
633187
63323
633446
633517
633661
633704
633727
633798
634057
634066
634067
634068
634211
634336
634415
634522
634575
634582
634778
634794
634886
635131
635207
635241
635266
635388
635485
635784
635813
635865
635872
635874
636173
636236
636464
636572
636792
636973
636976
637115
637274
637291
637474
637572
637586
637590
637680
637684
637742
637750
637788
637930
637948
638356
63840
638985
638996
639003
639395
639545
639581
639663
639721
639951
639953
640376
640456
640523
640605
640644
641020
641139
641172
641342
641376
641458
641532
641709
641761
641861
641947
641998
642086
642176
642245
642389
642653
642673
642675
642703
642831
643049
643939
643949
644080
644117
64422
644401
644752
644923
645130
645186
645580
645628
645884
645998
646274
646406
646536
646760
647091
647650
647658
647859
647888
648101
648168
648313
648666
649009
649123
649293
649511
649752
649793
649878
649885
650215
650390
650450
650717
650755
650793
650805
650914
650988
651156
651271
651339
651473
651503
651604
651669
651824
651883
651927
652356
652435
652452
652592
652612
652866
652935
653031
653352
65347
653962
65406
65408
654168
654205
654224
654521
654644
65467
654733
654825
654853
655052
655077
655162
655181
655335
655336
655421
655522
655549
655552
655559
655852
655921
655928
655932
655972
656171
656254
656390
656437
656568
656753
656768
656783
657335
657616
657802
658050
658134
658640
658843
658885
658962
658982
658991
659331
659528
659661
659662
659720
659949
660004
660050
660840
661002
661017
661030
661035
661109
661293
661318
661596
661761
661838
662048
662449
662450
662742
66279
662930
663016
663240
66334
663492
663518
663594
663841
663874
664204
664348
664457
665009
665130
665198
665440
665779
665890
665925
665943
666116
666506
666549
666943
666946
666948
66702
667164
667356
667705
667707
667722
667766
667848
668011
668124
668126
668127
668229
668255
668462
668663
668979
669040
669327
66937
669522
669571
669654
669766
669941
670007
670061
670099
670217
670938
670982
671898
672483
672882
673032
673224
673288
673933
675095
675166
675314
675545
67565
675656
676129
676546
67659
676713
67684
676947
677071
677438
67763
678088
678713
678782
679425
68251
68613
68850
69021
70087
70176
70361
70419
70546
70622
71501
71533
71722
72002
72580
72862
73593
73612
73931
74572
748
76030
76416
76423
78762
79032
79641
80109
80447
80709
82251
83819
8383
84555
84558
84562
84725
84728
85130
85132
85996
877
88153
89697
89778
90057
90299
91794
92334
92371
93490
93564
94711
95187
95410
95933
9598
96150
97265
97375
98646
