100262
100413
101851
102701
10302
103774
103871
103874
103907
104189
104635
104805
104990
105017
105061
10517
105210
105487
106161
106175
106185
106207
106360
106533
106574
106604
106749
106799
106936
107037
107085
107096
107107
107118
107125
107167
107175
107191
107233
107273
107282
107302
107313
107315
107368
107378
107390
107404
10750
107531
107828
10783
10784
108188
108312
108345
108378
108465
10847
108514
108703
108704
108870
108952
109026
109048
109166
109227
109248
109383
109392
109481
109819
109843
110025
110190
110372
110411
110971
111055
111113
111256
111393
111395
111468
111573
111855
111934
11195
112026
11203
112197
112270
112272
11282
112851
112942
113269
113729
113783
113820
114010
114028
114461
114471
114525
114538
114562
114577
11488
114938
115239
115257
115358
115390
115482
115542
115565
115664
115947
115952
116041
116532
117076
117392
117439
117513
117698
117828
117831
118184
118232
118251
11831
118320
118548
118670
118676
118790
118960
119029
11918
119184
119212
119382
119395
119448
119449
119687
119712
119730
119775
119877
119911
120118
120127
120159
120237
120376
120476
120487
120494
120543
120649
120711
120768
120966
121009
121018
121111
121142
121539
121808
121975
122126
122389
122498
122513
12256
122707
122815
122880
122957
123035
123140
123183
123184
123204
123217
123403
123422
123603
123867
124070
124105
124458
124760
124834
125149
125190
125238
125354
125401
125476
125674
125837
12593
12594
126123
126189
126248
12628
126462
126471
126475
1265
126531
126556
126563
126735
126754
126806
126897
12730
127718
12773
127755
127794
127944
127980
127990
128066
128103
128142
128273
128295
128516
128597
12884
128917
128952
129032
129219
129312
129459
129497
129734
12992
129940
130030
130191
130194
130343
130412
130723
13088
131159
131342
131431
131846
132171
132182
132221
132749
132756
132912
133072
133258
133326
1335
13369
133845
133915
134030
134050
134245
13428
134400
134424
134525
134668
134772
134841
135029
135122
135160
135174
135341
135372
135635
13580
135807
136002
136090
136345
136501
136682
136811
137032
137136
13724
137649
137785
137983
138119
138189
13829
138359
13848
138481
138672
138748
138825
139003
13912
13917
139285
139405
139482
139508
139629
139832
139967
140146
140288
140382
140429
140566
140602
140682
140764
14089
141071
141165
141385
141522
141741
141876
141975
142229
142303
142433
142440
142689
142940
142978
143077
143172
143292
14351
143517
143583
143632
143653
143757
14377
144396
144437
144454
144682
144767
14479
144878
144930
145088
145151
145179
145221
145261
145272
145279
145281
145330
145434
145515
145528
145539
145543
145647
145789
146087
146237
146352
146396
146433
146454
146648
146803
146830
146833
146930
146979
147
147051
147188
147277
147336
14750
147672
147680
148639
149104
149131
149153
14931
149345
149491
14966
149665
149683
149995
15000
150188
150399
150406
150495
150578
150588
150787
151291
151361
151563
151857
151879
15207
152110
1523
152751
152835
152990
153119
153217
153314
153318
15333
153336
153960
153977
154213
154695
154725
154808
154869
154942
155036
155062
155212
155243
15536
155377
155503
155652
15573
15574
156161
156196
156360
156387
15660
156625
156686
15669
156953
15697
15699
15710
15713
157186
157193
157422
157441
15753
157536
157575
157585
15761
157698
157840
158195
158264
158403
158445
158508
158849
158879
159002
159023
159700
15993
16005
160133
160213
160241
160525
160871
160897
161074
161225
161239
161393
161426
161430
161436
161441
16163
161729
161918
162022
162042
162097
162339
162358
162400
162506
162578
162732
162766
16291
16304
163101
163212
163312
16354
163767
163777
164011
16411
164196
164272
164281
16429
164308
164790
16499
165021
165068
165276
165493
165512
165561
166083
166215
166331
166337
166439
166516
16701
16712
16727
167474
167605
167676
167750
16784
16799
168025
16823
16848
168885
16910
169385
169497
169608
169661
170569
170672
170708
170882
171068
171097
171216
171354
171732
171936
17239
172433
172633
172685
17294
173138
173443
173511
17354
173742
173840
174103
174244
174318
175237
175292
175303
175403
17569
175797
175933
176392
176395
176448
176716
176909
176936
176948
176955
177072
177098
177263
1773
17756
177575
17764
177657
177734
17791
177937
177970
178234
178331
178397
178611
178630
178647
178695
178910
179101
179649
179690
179965
180011
180217
180310
18049
180600
180668
180793
180933
180949
181048
181160
181266
181294
181374
181463
181478
182027
182512
182668
182692
182718
18297
18321
18368
183718
18374
183833
18387
184194
184238
184412
184611
18469
184707
184773
184783
184961
184964
185324
185347
18537
1854
185712
185718
185773
185898
185961
185993
186216
186305
186601
18667
186743
186771
186825
187140
187508
187577
18780
187852
18788
188141
188248
189153
18919
189262
189514
189703
189724
189934
189959
18997
19006
190179
190357
19036
19043
190696
190828
191130
191243
19135
191368
191489
191705
191854
191934
191993
19200
192071
192227
192280
192293
19230
192347
192526
192540
192592
192617
19269
192691
192838
193077
19319
193232
193255
193270
193332
193405
19360
19380
19389
193902
193910
19399
194187
19426
194605
19463
194679
19472
194806
195393
195507
195567
19580
195800
196086
196140
19646
196499
1966
196620
196945
196948
19695
19707
197097
197125
197237
197290
19738
19759
197595
197609
197616
197664
197701
197949
198189
198264
198374
198582
198638
198664
198777
198795
198839
198857
198860
198882
198941
199131
199273
199276
199376
199626
199639
199877
19988
199906
199917
199929
199999
200016
200149
200287
200380
200594
200682
200719
20078
200957
201011
201029
201146
201204
201295
201369
201386
201598
201633
201766
201837
201940
202139
202146
202249
202401
202478
202497
202974
203006
203447
203529
203816
203819
203888
20408
204093
204473
204772
20481
204837
204859
204876
204931
20494
204987
205380
205504
205869
20588
205908
205934
205971
206004
206087
20610
206113
206231
206287
206392
206643
206791
206891
207006
207048
207054
207059
207111
20715
20720
207289
20730
207348
207357
207374
207375
20740
20757
207584
20767
207729
207750
207829
207872
207895
208059
208067
208151
208189
208281
208306
208481
208552
208571
208588
208622
208632
208646
20868
20872
20878
208910
20897
208998
209008
209169
209170
209188
209198
209435
209462
209703
209736
209957
21001
210026
21003
210115
210192
21024
210268
21041
210445
210462
210725
210727
210802
211303
211362
211439
211586
211650
21174
212008
21221
21230
212401
212495
212551
212554
212718
212739
212776
212872
21292
21300
213033
213225
213303
21340
21342
213420
213843
213856
213968
213975
214153
214161
214408
214486
214715
214798
215085
215180
215385
215514
21564
215675
215790
215848
216153
216163
216191
21620
216201
21671
216829
216945
21706
217135
21714
217229
21728
217315
217357
217387
217420
21752
217566
217604
217608
217667
217700
217721
217912
218346
218426
218511
218576
218613
219171
219296
219536
219686
219734
219870
219873
220047
22006
220362
22047
220544
220620
220713
220892
221071
221149
221158
221291
221563
221647
221649
221653
221705
221713
221752
221839
221968
222121
222166
222201
222211
222386
222697
222710
222852
223044
223179
223222
223359
223549
223554
223594
223839
223922
224111
224351
224391
224454
224590
224643
224648
224669
22471
224810
224989
225067
225081
225120
225124
225143
225174
225212
225539
22554
225665
225733
225762
225979
22598
2261
22617
22630
22631
226315
22641
226490
226648
226887
226978
227194
227275
227287
22729
227556
227591
227610
227765
227783
227874
227886
227928
227945
228116
22812
22815
228607
228828
228897
228901
22905
22911
22918
229330
22941
229927
229950
230087
230177
230199
23024
230293
230336
230361
23073
230791
230853
231067
231250
231380
231449
231622
231632
231643
231654
231766
231823
231849
231881
231924
231967
232041
232172
232175
232176
232447
232564
232754
232802
232832
232885
232890
232925
232929
233207
233296
233417
233507
233510
233523
233538
233545
233608
23366
233754
23382
233925
233950
233987
234036
234107
234298
234578
234618
234745
234767
23477
234790
235219
235317
23533
235382
235414
235464
235466
235487
235510
235701
235825
236026
236034
236202
236214
236473
236476
2365
236775
236814
236877
236883
23689
236950
236967
237280
237364
237432
237506
23752
23759
238032
238042
238218
238317
238384
23851
238523
23855
23856
238562
238600
238619
238775
239001
239310
239459
239490
239523
239746
239877
239922
239929
240084
240101
24070
24131
24166
24177
241927
242288
242339
242341
242359
242378
242469
242653
242669
242719
242733
242884
24289
242919
243114
243141
243219
243265
243649
243672
243767
243904
244105
244197
244217
244238
244290
244293
24433
244343
244344
244466
244489
244731
244761
244869
244950
244964
245395
245400
24547
245486
245533
245561
24558
245588
24565
245692
245711
245821
24604
24610
246101
246121
246166
246342
246469
246687
246756
246812
246891
246967
24698
246983
247012
247021
247243
247478
247563
247858
247860
247899
247932
248061
248266
248505
248519
248637
248725
24876
248785
248823
248863
248917
24898
249087
24930
249449
249463
249586
24964
249693
24976
249800
249945
25002
250189
25023
250257
250328
250406
25041
250544
250593
250640
250641
250731
250877
250913
250954
251044
25130
251366
251568
25175
251848
251895
251935
251970
252028
252060
252077
252105
252139
252319
252792
252890
252955
253088
253094
253185
253305
253455
253494
253570
253672
253677
253720
253723
253823
253853
253863
253899
253963
253978
254020
254036
254039
254197
254313
254383
254656
254714
254859
254920
254930
254932
254968
255017
255059
255061
25509
255106
255276
255335
255425
255553
255560
255649
25579
255975
255998
256010
256038
256103
256168
256201
256248
256440
256489
25661
25671
256712
256766
256783
257011
257085
257155
257256
257287
257346
257380
257477
257499
25752
257578
257584
257590
257803
257808
257842
257874
257879
257902
257908
257983
257985
258101
258127
258212
25833
258400
258619
258624
258823
258937
259032
259088
25917
259290
259340
259417
259419
259531
259634
259761
259778
259792
260051
26013
260139
260216
260220
260445
260540
260580
260843
261001
26101
26114
26115
261152
261166
261594
261608
261709
261735
261763
261980
262001
262154
262233
262250
26237
262370
262622
262681
262749
263118
263141
263152
263300
263390
263548
263575
263579
263735
263950
26397
264013
264054
264082
264191
264204
264206
264495
264615
264743
264761
264800
26481
264819
264845
264995
265062
265131
265534
265696
265701
265709
265724
265757
265765
265786
26584
265919
265994
266020
266118
26613
266149
26621
266211
266408
266627
266741
266787
26693
267128
267264
267324
267350
267453
267478
267489
267503
267522
267611
267631
267784
267915
26793
268065
268105
268170
268271
26841
268475
268571
26859
268594
268636
268690
268753
26883
268859
26887
268933
268935
269088
269226
269465
269477
269489
269500
269539
269716
26973
269764
269765
269770
270057
270174
270294
270384
270464
270509
270714
270764
270767
271126
271397
271439
271483
271498
271508
271519
271563
271564
271621
271690
271872
272386
272399
272670
273564
273591
273839
273920
274001
274113
274145
274160
274177
274201
27423
27431
274342
274356
27460
274628
274765
274880
27496
274961
274967
275006
275051
275115
275293
275344
27545
275618
275639
275722
275736
27579
275970
276012
276207
276226
276371
276380
27640
276514
276527
27653
276583
276769
276808
277059
27725
277354
27739
277393
277465
277518
277573
277908
278
278299
278320
278337
278466
278569
278766
278779
278826
27900
279100
279126
27914
279654
279656
279935
279949
280101
280194
280360
280540
28056
280747
280748
280769
280835
280886
281184
281258
281362
281425
281441
281471
281485
28157
281585
28160
281895
281933
281970
282061
28217
28222
282327
282634
282683
282910
282982
283017
28321
283243
283263
283342
283377
283635
283655
283667
2837
283752
283846
283922
283934
284369
284387
284446
284510
284581
284787
28488
285146
285247
285275
285284
285314
285481
285592
285795
285822
285834
285854
28592
28594
28596
286083
286239
286339
286456
286469
286547
28690
287077
287344
287357
287367
287369
287554
287569
287585
287601
28765
287686
287754
287796
288019
288037
288149
288159
28822
288317
288347
288401
288452
288532
288616
288653
288821
289097
289106
289232
289267
289602
289716
289768
289933
290014
290407
290540
290553
290561
290828
290872
290949
291246
291249
291317
291351
291363
291615
291638
291657
291910
291972
291985
292150
292577
292578
292712
292848
293078
293250
293254
293376
293378
29340
293450
293627
293659
293771
293883
293924
294152
294333
294456
294477
294592
294631
294692
294710
29472
294789
294881
294932
294937
294943
294947
295036
29508
295118
295137
295160
295171
295177
295244
295255
29527
295275
295306
295322
295531
295652
295839
295865
295917
295979
296372
296379
296395
296469
296544
296644
29669
296713
296732
296753
296914
297190
297250
297374
297386
297536
297771
297952
297955
298101
298188
298322
29840
298872
298954
299013
299031
299195
299416
299445
299463
299466
299612
299670
29970
299781
299973
300007
300131
300191
30033
300422
30045
300517
300545
30126
301272
301275
301276
301288
301487
30152
301540
301652
301947
301959
302005
302576
302716
303066
303071
303265
303314
303353
30336
303373
30341
30342
303458
303487
303494
303615
303642
303701
303804
303835
303882
303914
304090
304204
304229
304440
304498
304595
304711
304856
304888
304894
304976
305083
305155
305321
305333
305570
305671
305721
305884
305891
30595
305988
306008
306159
306161
306189
306202
306291
306412
306473
306612
30669
3067
306722
306806
306885
306975
306983
307024
307059
307149
307150
307169
307280
307360
307493
307511
307519
307695
30773
307934
308016
308023
308081
308140
308207
308226
308318
308487
308734
308844
308849
308865
30903
309102
309114
309141
309300
309593
309751
309793
309821
309870
309928
309972
310050
310101
310228
310620
310655
310727
310940
311137
311364
311365
311736
311766
311844
311853
311861
31187
31196
312105
312268
312399
312531
312695
312711
312865
312878
312984
313175
313241
313453
313544
313628
313778
313790
31408
31419
314224
314359
31437
314440
314630
31472
314802
314858
315173
315321
315488
315567
31563
315680
31572
315825
316129
316208
31621
316495
316543
316771
316902
31702
317028
317070
31733
317514
317628
317726
317758
318225
318595
318629
31863
318688
318703
318853
318881
319177
31920
319240
319247
319258
319445
319477
319484
319560
319698
319945
320052
320155
32016
320236
320250
320279
320284
320488
320567
320731
32074
320754
320769
320859
320881
320936
320970
321089
3211
321228
321268
321681
321949
322068
322084
322132
322163
322732
322855
322979
323034
323259
323393
323474
323680
323696
323745
324049
324119
324143
324270
324296
324324
324426
324753
324830
324978
325025
325215
325457
325494
325683
32620
32624
326797
326808
326855
326857
326968
327199
327224
327279
32749
327790
327834
3279
327991
328002
328051
328101
328164
328185
328243
328341
328357
328680
328707
328723
328727
328735
328746
328783
328858
328891
328900
328989
32902
329330
329387
329392
32951
329511
329535
329558
329602
329804
329840
329854
329860
329907
330110
330216
330224
330276
330398
330460
330497
330670
33073
33079
330824
330873
331125
331156
331203
331255
331350
331402
331541
331658
331671
331744
331848
331869
332048
332057
33207
33214
332141
332300
332407
332435
332454
332598
332606
332636
332674
33273
332775
332882
332953
332994
333013
333050
333331
333333
333399
333584
333710
333872
333927
334156
33422
334379
334384
334585
334693
334838
334996
335056
335092
335135
335204
335206
335215
335270
335308
33531
335405
335475
33559
335688
335863
335873
335905
336023
336100
33630
336342
336465
336510
336522
33659
336725
336749
336880
336896
337002
337010
337124
337150
337329
337369
337386
337586
337692
337760
337818
337825
338001
338069
338141
338199
338259
33827
338309
33847
338727
338819
338977
339023
339038
339165
339218
339297
339354
33938
339501
339599
339643
339691
339729
339826
339868
34005
3401
340115
340266
340343
340404
340492
340647
340674
340708
340771
340852
340950
340985
341045
341125
341184
341322
341484
341531
341585
341891
341900
342279
342319
342342
34237
342539
342574
34262
342644
342672
34270
342835
342955
342971
343040
343085
343088
343114
343134
343208
343235
343373
343383
343391
343604
343638
343788
343851
343933
34403
34407
344576
344652
344782
344829
34486
34491
345138
345187
345194
345196
345205
345322
345502
345526
345713
345768
345814
345823
345852
345974
346062
346123
346377
346422
346471
346633
346796
346903
346938
346987
347128
347238
347274
347410
347580
347689
347796
348113
34815
348239
348524
348653
34867
348769
34881
348815
349002
349151
349199
349307
34939
349470
349636
349666
34967
349698
349730
349756
349780
349967
349971
350053
350067
350086
350216
350270
350306
350331
350454
350579
350860
35091
350964
350998
351162
351313
351325
351423
351493
351570
351574
351620
35166
351937
35210
352339
352363
352418
35245
352452
352477
352743
352764
352773
352844
352942
352958
353069
353134
353153
353379
353385
353487
353527
353532
353535
353856
354340
35438
354415
354708
354748
35495
354960
355160
355172
355175
355269
355338
355447
355521
355647
355763
355879
356065
356228
35630
356315
356458
356482
35664
356807
356843
356888
357038
357143
35739
35740
357487
357513
357522
357714
357761
357824
357831
35786
358250
358601
358639
358682
358820
358867
358872
358961
359020
359062
35910
359257
359392
359417
359486
359512
359594
3596
359603
359665
359713
359719
359973
359991
360077
360146
360211
360221
360253
36033
360436
360470
360540
360582
360630
360649
360742
361038
361221
361303
361305
361318
361431
361464
361495
361526
361548
361672
361711
361724
361727
361738
361751
36176
361796
361810
361890
361973
361992
362001
362007
362022
362038
362177
362196
36222
362229
362235
36224
362347
36236
362386
36241
362435
36266
362691
362721
362756
362817
362875
362879
362899
362990
363057
363098
363109
363149
363168
363170
36318
363188
36319
363307
363417
363449
36349
363586
363612
363705
36373
363844
363908
363993
364003
364027
364037
364090
364111
364291
364389
364677
364797
364872
364919
365038
365058
365139
365181
365188
365262
36543
365505
365540
36555
365604
365617
365646
365704
36595
366117
36619
366212
366263
366294
366295
36632
366503
366575
366603
366675
366704
366967
36719
367264
367349
367353
367468
367554
367581
367635
367658
367685
367687
367701
367747
367788
367793
36782
36806
368078
368151
368156
368238
368477
36854
368595
368624
368652
368681
368703
368886
36892
368946
368973
368982
369054
369307
369325
36946
36954
369557
369614
369620
369658
369688
369715
369859
36990
369906
370022
370068
37007
370097
370233
370264
370322
370482
37052
370538
37054
37076
370820
370945
370990
370993
371028
37108
371096
37120
37121
371477
371541
371693
37175
371867
371885
371961
372539
372547
372669
372695
372807
372816
372842
372949
37296
37310
373319
373436
373451
373453
373614
37364
373657
373692
373704
37385
373952
374020
374085
374087
374250
374252
374324
374483
374532
374643
374645
374648
374683
374768
374808
374811
374910
374952
374975
374990
375127
375155
375166
375251
37539
37543
375454
37550
375639
375661
375683
375734
375921
375944
375981
376090
376123
376140
376142
376151
376371
376446
37649
37653
376530
376544
376546
376559
376571
376649
376656
376716
376759
376768
376796
376871
377022
37703
377165
377239
37732
377398
377450
377480
377481
377686
377782
377847
377852
377958
378054
378075
378091
378212
37863
378702
378966
378997
379026
379067
379079
379156
379217
379218
379269
379281
379328
379336
37935
379358
37936
379448
379841
37994
380044
380308
380368
380373
38039
380472
380787
380903
380915
380966
380983
381107
381137
381235
381286
381317
381319
381367
381390
381443
381446
381451
381473
381554
381589
381795
38184
381890
382355
382379
382517
38256
382646
38280
382863
382942
383060
38311
383126
383141
38357
383735
383786
383795
383941
384021
384053
384057
384117
384175
384184
384335
384801
38483
384846
384979
384997
38500
385127
385230
385233
385431
385564
385698
385723
385952
386075
38618
386183
386215
386270
386284
386554
386582
386683
386756
386776
386803
386813
386847
386926
386938
387005
387007
387270
387272
387338
387349
387474
387531
387549
387682
387787
387816
38798
388089
38815
38821
388258
388271
388322
38833
388489
388643
38872
388723
388798
388948
38895
389007
389019
389122
389301
389453
389556
389807
389875
389954
390007
390207
390508
390686
390955
390996
391056
391251
391327
391561
391665
391779
39180
391921
391951
392039
39208
392098
392157
392172
392204
392633
392854
39287
392957
392990
393048
393137
393174
393206
393319
393366
39340
393436
393581
393669
39372
393780
393992
394000
39410
394267
394270
394280
394337
394430
394475
394574
394687
394834
395083
395157
395272
395394
395519
395727
39578
395827
39584
396106
396112
396137
396141
396174
396568
39662
396680
396719
396757
396833
396852
396923
397030
397217
397264
397350
39741
397476
397553
397603
397734
397818
397917
398058
398086
398410
398609
398760
398865
39900
399116
399124
399139
399142
399275
399323
399368
399382
399443
399500
399627
399662
39999
399991
400100
400183
400322
400356
40057
400597
400709
400900
401086
401176
401390
401483
401518
401551
401723
401804
401864
401984
402081
40209
402094
402207
402304
40231
402322
402344
402824
403066
403514
403709
40383
403849
40398
404156
404263
40443
404678
404724
404771
404779
404923
40559
405878
40607
40641
406701
406757
40700
407033
40706
407088
407132
407189
407247
407255
407410
407413
407432
407463
407523
407532
407535
407549
407601
407624
407630
407653
407721
407918
408128
40861
408738
408750
408824
408830
408929
408931
408973
409189
40920
409203
409220
409261
409473
409523
409558
409657
409681
40973
409732
409814
40986
409982
410064
410070
410117
410202
410224
410253
410296
410354
410371
410567
410780
410836
410897
410977
411172
411227
41125
411292
411507
411525
411573
411688
411698
411850
41196
412086
41215
412223
41224
412571
412656
412761
412801
412816
412968
413114
413163
413209
413247
413329
413336
413337
413423
413504
413513
413537
413988
414056
414175
414245
41439
414445
414616
41469
414834
415423
415582
415593
41563
415825
415911
415920
415982
416134
416318
416482
416726
416733
416737
41684
41687
416887
417135
417430
417454
417563
417647
418059
418081
418128
418210
418234
418611
418641
418646
418684
418792
4189
418906
418950
418956
419037
419169
41920
41922
419288
419324
419340
419384
419441
419556
419566
419572
419765
419805
419827
41987
419944
419972
42
420379
420476
420552
420569
420646
420726
420850
421091
42133
421348
421446
421479
421565
421598
421646
421760
421789
422005
422080
422256
422467
422975
423015
423093
423216
42326
423393
423400
423435
423679
423714
423801
423838
423920
423992
424377
424386
424534
424667
424671
424729
424882
42490
425040
425086
425115
425206
425231
425279
425409
425541
425548
42580
425831
425908
426035
42604
426048
426067
426253
426302
426339
426410
426545
426590
42661
4267
426742
426848
42685
426878
426978
426999
427009
427128
427213
427251
4274
427499
4275
42753
427577
427582
42782
427847
427885
428241
428336
428401
428404
428915
428933
428963
429028
429077
429129
429284
42930
429411
429598
429602
429754
429926
42997
430215
43026
430271
430291
430566
430622
430700
430717
430773
43078
430795
430846
430946
430987
430999
431055
431111
431209
431400
431468
431661
431682
431751
431753
431760
431838
431845
431989
431990
432062
43209
432117
432146
432171
432260
432306
432345
432477
432511
432562
432657
432687
433106
433271
433347
433442
433455
433515
43356
433588
433606
433627
433768
43380
433859
433920
433938
433941
434099
434149
434168
434185
434204
434298
434460
434501
434524
434543
434785
434787
434819
434863
434957
43499
435040
435165
435333
435419
435425
435436
435446
43549
435661
435707
435792
435932
435964
436295
43650
436595
436679
436793
436800
436886
437041
437083
43719
437361
437509
437894
438162
438278
43829
438337
438358
438406
438543
438557
438583
438659
438730
438870
439352
439386
439745
439811
439836
439904
440096
440118
440193
440194
44031
440361
440428
440529
440612
440672
440851
440908
440994
441091
441169
441234
441280
44143
441537
441568
4416
441607
441619
441991
442010
442023
442050
442053
442119
442342
442408
442521
442631
442722
4429
442917
442972
443080
443095
443459
443472
44350
443636
443879
444104
444124
444315
444389
44459
444666
444700
444727
444812
444920
445016
445023
445063
445088
445152
445180
445254
445333
445380
445401
44561
44568
445966
445974
446063
446100
4462
446230
446295
446336
446493
446801
446904
447016
44708
447125
447180
447207
447226
447308
447315
447381
447407
447429
447651
447664
447714
447790
447839
447947
447949
448005
448142
448171
44828
448362
448422
448543
448580
448651
44875
448843
449169
449205
449267
449289
44930
44938
449511
449638
44965
449674
449709
449807
449813
449904
449976
450099
450153
450201
450248
450297
450347
450549
450710
450739
450845
450925
451002
451056
451113
45118
451246
451325
451369
451525
451591
451689
451760
451830
451842
451903
451907
452471
452488
452491
452497
452509
452532
452553
452885
45292
452951
452998
453215
453385
453394
453470
45383
453958
454091
454096
454167
45426
454278
454289
454345
454381
454515
454582
454709
45493
455058
455365
455369
455416
455631
455732
455741
455762
45586
455873
455941
455972
456062
456174
456199
456212
456380
4564
456586
456652
456725
456835
457007
457042
457150
457414
457572
457854
457882
457893
457911
457924
458065
458087
458088
458188
45819
458194
458213
458252
458262
458319
45855
458601
45861
458628
458633
45864
458693
458701
458887
459
459047
459098
459269
459272
459320
459396
459476
459605
459669
45969
459935
460340
460443
460462
460467
460473
460877
460943
461209
46152
461535
461698
461816
462238
462286
462358
462402
46249
462520
46261
462613
462638
462681
462721
462845
462961
462967
462991
463079
46314
463156
463232
463294
46335
46345
463587
463804
46394
463967
46398
464062
464131
464223
464229
46433
464560
46467
464673
464678
464916
465155
465235
465316
465495
46554
465555
465572
465603
465773
465786
465975
466059
466151
466300
466649
46669
466879
46701
467062
467079
467087
467347
467402
467441
467556
467631
467687
467799
468019
468067
468112
46824
468323
468537
468542
468588
468731
46893
468949
468968
469114
469214
46927
469325
469365
469377
469560
469565
469748
469810
469885
469907
470037
470178
470284
470304
470397
470476
470572
470626
470933
470959
470990
471048
471212
471345
471380
4714
471486
471543
471553
471565
471637
471654
471703
471824
471941
471967
472247
472292
472297
472386
472450
472840
473587
47361
47375
473945
474072
474079
474137
474219
474235
474424
474701
474749
474923
474999
475053
475077
475163
475174
475384
475513
475592
475724
476071
476145
476269
4764
476416
476439
476628
476634
476738
476791
476812
476834
477225
477405
477414
477516
477558
47764
47770
477720
477739
477746
477812
477917
47798
478022
478062
478105
478122
478195
478253
478302
478342
478387
478615
478636
478641
478799
478847
478854
478971
478976
478985
478989
478995
479032
479055
47906
479154
479219
47925
479256
479260
479479
479499
479513
479558
479735
480050
480206
480221
480233
480237
480274
480386
480499
480615
48069
48072
480725
480748
480988
481018
48103
481372
481389
481620
48182
481952
482026
482054
482064
482142
482197
482399
482434
482515
482834
482962
48297
482987
483108
483173
483229
483408
483584
483609
483804
484099
484110
484123
484205
48429
484564
484647
484688
484752
48484
484866
48491
485046
485066
485315
485351
485398
485847
485896
485957
485974
486142
486206
486390
486427
486473
486553
486718
486776
486807
486853
486871
486885
486947
486956
486959
486990
486993
487004
487009
487049
487129
487152
487173
487198
487249
487352
487380
487381
487423
487672
48778
487865
487908
488062
488203
488390
488449
48851
488943
488978
489029
489058
489169
489205
489256
489303
489330
489371
489372
489613
489754
489855
489865
489890
48994
490000
490114
490161
490183
490256
490400
490401
49042
490450
490685
490708
490741
490782
491072
491136
491352
491377
491459
491625
491810
491835
491904
49192
492262
492279
492689
492718
492889
492894
492902
492938
492966
493027
493132
493153
493212
493302
493455
493644
493843
494300
494344
494477
494479
494534
494537
494898
495136
495255
49535
495415
495466
495601
495604
495718
495816
495829
495935
49614
496520
496704
496900
496938
497527
497649
497725
497833
497872
497952
498170
498289
498555
498739
498761
498860
498958
499075
499218
499252
499264
499408
499650
499805
499816
499828
499838
500108
500171
500285
500431
500561
500565
500572
500574
500807
500864
500930
501104
501301
501568
501603
501745
501926
502101
502376
502427
502576
502607
502732
502733
502839
502922
502950
50315
50317
50319
503248
503322
503363
503765
503975
504236
504287
504580
504762
50487
504954
505064
505203
505206
505261
505324
505427
50554
505613
505926
506107
506617
506778
506926
506986
50700
507035
507099
507304
507436
50761
507695
507802
507940
50798
50813
508159
508291
508336
508665
509117
509128
509138
509149
509353
509461
509532
509551
509594
509686
509768
510367
510431
510828
511102
511183
511360
511467
511493
511573
511597
511712
51177
511967
512017
512133
512183
512353
512714
512715
512725
512824
512904
51307
513195
513258
513488
513542
513569
513631
513716
513975
514221
51440
514535
514646
514681
514723
515072
515117
515224
515277
515422
515506
515589
515666
515985
516027
516045
516529
516568
516580
516597
516627
516719
51673
516789
516829
516875
516987
51701
517107
517158
517176
517189
517396
51762
517676
517786
517820
517926
518341
519185
519264
519278
519373
519437
519744
520098
520108
520308
520319
520423
520692
5207
520810
520872
521122
521130
521312
521331
521690
521811
521814
522079
52210
522234
522294
522308
522516
522553
522634
522638
522665
522685
522800
522804
52293
523145
52319
523348
523613
52367
52375
523832
52392
524495
524546
524634
524865
524913
524929
524959
525120
525136
525228
525264
525273
525339
525589
525630
525660
525874
526182
526196
526223
526279
526390
526626
526902
52704
527195
527228
527295
527323
527424
527453
527557
52779
52790
528026
528028
528250
528378
528434
528545
528833
529009
529311
529352
529486
529491
529547
529881
529958
530023
530031
530174
530198
530574
53069
53091
530968
531157
531232
531294
531330
531373
531386
532125
532131
532167
532175
532184
532199
532306
532355
532579
532589
532609
532744
532785
53282
532909
532930
532997
533148
533258
533299
533379
533464
533604
533622
533639
533656
533687
533765
533844
534007
53430
534421
534491
534580
534663
535415
535460
535796
535877
535996
536141
536382
53639
536465
536664
536979
536992
537030
537056
537213
537320
537335
53735
53760
537623
537711
538142
538180
538193
538358
538387
538555
538581
538592
538784
538970
539057
539128
5392
539206
539400
539517
539566
539708
540012
540066
540080
540343
540461
540623
540733
540766
540775
540783
540799
540997
541198
541269
541495
54150
541509
541548
541553
541805
541850
541980
542138
542233
542637
542897
543126
543135
543150
543214
543391
543553
543660
543716
543719
543972
544032
544125
544202
544309
544315
544361
544526
5446
544661
544766
545082
54526
545478
54553
545759
545803
546021
546053
546100
546134
546183
546840
546877
54693
546997
547003
547263
547301
547339
547395
547545
547560
547570
547607
547673
547766
54789
547926
54811
548165
548181
548190
548199
548281
54837
548437
548804
548810
548898
548992
549212
54922
549233
549558
549600
549885
550094
550159
55058
550589
550734
550743
550810
550836
550866
551124
551188
551192
551195
551229
551358
551497
551628
551664
551814
551830
551856
551991
551994
552024
552165
552234
552366
552446
552483
552538
552540
552804
552894
552903
552914
553238
553283
553324
553433
553494
553933
553948
55396
554147
554174
554458
55454
55456
55468
554791
554880
554894
555048
55542
555661
555685
555734
555752
555760
555762
555764
555874
555912
555971
555989
556424
556493
556580
556771
556788
556811
556829
557064
557078
55712
557156
557216
557284
557300
557310
557547
55782
557867
55800
558009
558060
558084
558165
558213
558299
558307
558314
558466
558639
55886
559
559193
559236
559317
559475
559644
559787
559894
560155
560236
560312
560357
560689
560723
560746
560863
560913
560966
560997
56100
561149
56116
561268
561497
561592
56160
561723
561813
561841
561990
562189
562245
562264
562268
562442
56246
56277
56305
563075
563154
563179
563249
563975
564158
564383
564421
564674
564862
565097
565118
56530
56531
565718
565724
565765
565884
565886
566063
566124
566203
566265
566300
566373
566412
566456
566578
566870
566919
566936
566986
567083
567273
567492
567629
567907
56793
567995
568167
568436
568559
568678
569003
569175
569320
56940
569471
569493
569498
56951
569583
569619
569760
569762
569860
56987
570127
570150
57023
570242
57026
570509
570591
570614
570668
570944
571151
571157
57120
571271
57128
571386
571390
571873
571888
571895
57209
572339
572414
572616
572620
572675
572883
572890
572905
573044
573119
573297
573371
573682
573784
573845
573852
573878
574055
574287
574330
574523
574616
574833
574970
574972
575031
575094
575221
575244
575455
575489
575613
575788
575853
575923
575930
575949
575989
576100
576128
576323
576337
576418
576421
576543
576849
577040
577131
577144
577205
577224
577520
577602
577608
577635
577767
577831
577923
578119
578201
578220
578475
578636
578992
579154
579252
579256
579573
579696
579835
579978
579990
580031
580054
580092
580180
580255
580384
580390
580583
580675
580771
580835
580995
581029
581104
581109
581585
581631
581663
581746
581885
581891
581899
581943
58236
582390
582427
582434
582488
582527
582724
582759
58279
583203
583220
583407
583546
583566
583597
583631
583664
583819
583920
584135
584190
584280
584281
584413
584733
584765
584925
584949
584965
58498
58504
58505
585212
585305
585319
585464
585495
585512
585527
585533
585544
585954
586169
586258
586391
586444
586462
586583
58660
586600
58689
587021
587024
587091
587113
587124
58740
587454
587543
587609
587623
587726
587749
587841
587974
588160
588307
588366
588399
58842
588474
588557
588603
588813
588958
589068
589070
589167
589231
58934
589644
589896
58997
590030
590136
590345
590373
590463
59059
590632
590718
590771
591016
591050
591055
591174
591205
591437
591733
591746
591789
591834
591887
591970
592092
592162
592673
592801
592825
593196
593398
593401
593438
593616
593627
593710
593828
594032
594269
594306
59435
594696
594890
594904
595021
595067
595340
595400
595423
595510
595966
596407
596547
596732
597077
597126
597184
59734
597472
597477
597677
597895
597923
598222
598256
598313
598319
598322
59843
598495
598618
598971
5992
599352
59938
599555
599770
599973
600073
600131
600144
600396
600397
600455
600481
60094
600958
601231
601308
60135
601398
60153
601690
60207
602111
602336
602339
602425
602606
602670
602760
602835
602889
602951
603110
603567
603638
603764
603846
603851
603924
603934
604013
604154
604198
604203
604312
604642
604751
60497
605145
60523
605254
60556
605986
606098
606100
606158
60617
606374
606483
606590
606726
607023
607092
607189
607202
607321
607493
60751
607540
607824
607880
607965
608335
608434
608467
608836
608925
60923
609314
609423
609498
60950
609555
609594
609719
609895
61009
610287
610312
610408
610495
61076
610908
610990
611059
611064
611500
611574
611720
612535
612688
612701
612718
613349
61340
61363
613630
613648
614018
614020
614310
614328
614409
61442
614467
614469
614558
614575
614589
614603
614646
614682
614777
614867
614926
614985
615156
615347
615401
615522
615569
615891
615986
61647
616479
616543
616654
617051
617319
617486
617563
61771
617735
617737
618188
618235
61832
618474
618489
618553
618557
618565
618634
6187
618743
6189
6190
61904
619345
619354
619374
61945
619583
619817
619910
620075
620212
620339
620678
620838
621011
621054
621509
621550
621552
621606
621619
621690
621710
621830
622033
622269
622298
622333
6224
622425
622494
6225
62313
623140
623249
623352
623368
623413
623439
623478
623587
623672
623796
623817
624056
624078
624134
624359
624375
624391
624526
624598
624628
624678
624708
624800
624822
624827
624863
625158
625174
625244
62527
625642
625672
625719
625900
625970
626026
626057
626070
626308
626443
626674
626871
62708
627214
627255
627264
627652
627771
627844
627845
628018
628086
628183
628337
628492
628521
628554
628563
628948
629141
629342
629347
6294
629435
629638
629711
629967
629992
630175
630315
630460
630568
630672
630773
630890
631123
631450
631600
63162
631626
631740
63187
632053
63220
632311
632345
632394
632465
632538
63258
632623
632674
632678
632684
632743
632828
633037
633149
633151
633158
6333
633335
633336
633346
633605
633672
63374
633919
634453
634578
634581
634706
634730
6350
635023
6351
635132
635142
635147
635148
6352
635230
6353
635374
635387
635444
635556
635622
635638
635686
635758
635819
635983
6360
636062
636368
6364
636586
6366
636888
636893
637235
637406
637413
637416
637465
637622
637666
637924
638015
63826
638346
638383
638758
638843
63922
63931
639560
639690
639709
639885
639904
639907
640007
640097
640103
640149
64024
640463
6405
640566
640582
640654
640909
640926
640935
64101
641034
641054
641368
641406
641500
641536
641756
641760
641765
641786
641818
641903
641905
641948
642083
642147
642233
642318
642431
642471
6426
642695
642754
642803
642922
643068
643102
643201
643266
643274
643305
64360
64363
643634
643641
643779
643994
644119
644298
644319
64439
644613
644809
644817
644866
645009
6451
64527
645405
645425
645560
645640
645678
645732
645811
645942
646167
646292
6463
646435
646485
646667
646799
646843
647294
647368
647472
647597
647625
648096
648217
648681
648879
648938
64896
648970
648981
649176
649334
649436
649441
649526
649638
649720
649842
649987
650154
650226
650308
650349
650417
650540
650545
65067
650670
650674
65068
650692
650790
650827
650922
651024
65106
651084
651104
651223
651262
65127
651281
651285
651289
651413
651415
651490
6515
6516
651801
651813
651926
65212
652140
652157
652257
652273
652308
652325
652337
652417
652908
652942
652947
652968
653187
65324
653287
65331
653547
653666
653930
654011
654159
654400
654409
654451
654523
654545
654586
654624
654630
654703
654754
654768
654932
654995
654999
655101
655171
655261
655321
65553
655627
655793
655971
656149
656466
656616
656784
656787
656791
656794
656862
656921
656949
657122
657291
657359
657679
657750
657762
657917
657991
658071
658150
658335
65848
658519
659087
659209
659251
659335
659352
659557
659587
659598
659629
659689
65971
659724
659867
659943
66013
66024
660256
660376
6605
660883
660953
661036
661084
661121
661183
661221
661288
661294
661298
661621
661719
661802
661932
661975
661982
662164
662279
662327
662490
662590
662645
662648
662808
662990
663029
663164
663235
663405
663483
66351
663639
663652
66379
663795
663952
664047
664166
664167
664239
664257
664360
664477
664726
665098
665252
665263
665346
665427
665687
665795
66590
666096
666611
666772
667274
667505
667622
667746
667870
667896
6679
668068
668079
668091
668113
668145
668406
668466
668689
668732
66887
668886
66889
668926
669007
669116
669326
669559
669699
669710
669813
669853
670088
670215
670233
67038
670419
670435
670520
670590
670606
670651
670666
670862
671023
671108
671159
671506
671686
671696
671715
671737
671809
671880
671902
671920
671932
671938
6720
672003
672221
672546
672561
67266
672719
672796
672932
673091
673109
673181
673315
673339
673394
673492
673510
673553
67381
673856
673866
673960
673972
673997
67407
674156
6742
674314
674427
674586
67478
6750
6751
675181
675191
675257
675321
675323
67535
675493
675599
675644
675718
675822
676098
6761
676119
676141
676165
676277
676372
676412
676526
676817
676963
676968
676971
676975
677363
677374
677495
677534
6778
677823
677887
677921
677933
677963
678001
678025
678029
678031
678057
678099
678101
678106
678111
678145
678269
678273
678341
678345
678349
678667
678691
678692
678730
678781
678787
678815
678839
6789
679033
679165
679228
679236
679296
679431
679457
67997
6810
6818
6824
68287
68395
68555
6873
68899
6896
6908
69085
6927
69368
69382
6949
69569
6962
69644
69645
6970
6973
6982
6986
70189
7031
7047
70551
70625
70666
7071
70752
70793
70799
7080
70848
70905
7099
71225
71365
7138
71454
71700
7204
72055
7233
72360
72377
72391
72475
72692
72703
7293
73036
73117
7331
7341
73429
73652
7399
7412
74149
74214
74372
74392
74536
74576
74625
74693
74768
75013
75068
7513
75337
75533
75538
75540
75763
75886
76044
76264
76281
76331
76391
76554
76656
7678
76835
76918
77029
77157
77347
77480
77683
77801
77814
77852
7792
78088
78167
78181
78205
7833
78709
78780
78803
78837
78972
79029
7914
79217
79423
79461
79504
79542
79779
79781
79840
79945
7995
79996
80190
8037
80458
80528
80570
80601
80855
80914
80985
8109
81092
81172
81259
81361
81616
8175
8177
81778
8182
82004
8209
821
82121
82193
82407
82470
82605
82657
82661
82911
82944
830
83082
8309
83107
83181
83219
83270
83288
83710
83758
8380
83817
83928
84003
84057
84058
84145
84292
8431
84374
84379
84503
84880
849
84904
84966
84982
85044
85068
85182
85206
85240
85249
85312
85349
85357
85568
8578
85792
85912
85940
85944
86011
86051
86153
86155
86223
86274
86350
86398
86455
86850
87009
87081
87273
87280
87348
87416
87746
87881
8790
87964
88059
88091
88132
88224
88263
88354
88378
88427
88431
88510
8862
8877
88801
89011
89017
89053
89055
89140
89145
89212
89327
89364
89433
89450
89490
89529
89968
90150
90334
90437
90669
90691
90727
90780
90851
90860
90957
91090
91473
91517
91693
91744
9193
91986
92236
92362
92588
92630
92835
93
93019
93329
93394
93405
93445
93484
93530
9358
93635
9374
94338
94369
94407
94436
94501
94579
94806
94811
94825
94877
94966
95064
95190
95196
95214
95247
95448
95565
95570
95595
95813
95927
95938
95989
96209
96303
96528
96585
96661
972
97235
97256
97257
97808
98740
98882
99102
